# transform file /home/marco/Desktop/SUBJECTS_freeSurfer/TEMPLATE/mri/transforms/cc_up.lta
# created by marco on Thu Feb  9 18:54:05 2017

type      = 0 # LINEAR_VOX_TO_VOX
nxforms   = 1
mean      = 130.0000 122.0000 125.0000
sigma     = 10000.0000
1 4 4
9.999364018440247e-01 -5.735875107347965e-03 -9.711319580674171e-03 2.706418991088867e+00 
5.735604558140039e-03 9.999835491180420e-01 -5.570383655140176e-05 2.927970695495605e+01 
9.711478836834431e-03 3.637978807091713e-12 9.999528527259827e-01 9.772164344787598e+00 
0.000000000000000e+00 0.000000000000000e+00 0.000000000000000e+00 1.000000000000000e+00 
src volume info
valid = 1  # volume info valid
filename = /home/marco/Desktop/SUBJECTS_freeSurfer/TEMPLATE/mri/norm.mgz
volume = 256 256 256
voxelsize = 1.000000000000000e+00 1.000000000000000e+00 1.000000000000000e+00
xras   = -9.999999403953552e-01 0.000000000000000e+00 0.000000000000000e+00
yras   = 0.000000000000000e+00 0.000000000000000e+00 -9.999999403953552e-01
zras   = 0.000000000000000e+00 9.999999403953552e-01 0.000000000000000e+00
cras   = -4.951019287109375e-01 -1.437200927734375e+01 -1.010169982910156e+01
dst volume info
valid = 1  # volume info valid
filename = /home/marco/Desktop/SUBJECTS_freeSurfer/TEMPLATE/mri/norm.mgz
volume = 256 256 256
voxelsize = 1.000000000000000e+00 1.000000000000000e+00 1.000000000000000e+00
xras   = -9.999999403953552e-01 0.000000000000000e+00 0.000000000000000e+00
yras   = 0.000000000000000e+00 0.000000000000000e+00 -9.999999403953552e-01
zras   = 0.000000000000000e+00 9.999999403953552e-01 0.000000000000000e+00
cras   = -4.951019287109375e-01 -1.437200927734375e+01 -1.010169982910156e+01
