# transform file transforms/talairach.lta
# created by marco on Thu Feb  9 14:20:48 2017

type      = 0 # LINEAR_VOX_TO_VOX
nxforms   = 1
mean      = 130.0000 122.0000 125.0000
sigma     = 10000.0000
1 4 4
9.818364977836609e-01 6.463391333818436e-02 -3.442733734846115e-02 -1.756184697151184e+00 
-5.417605116963387e-02 9.452086687088013e-01 2.031604647636414e-01 -1.004926681518555e+01 
4.829313233494759e-02 -1.835206001996994e-01 9.216429591178894e-01 7.579339027404785e+00 
0.000000000000000e+00 0.000000000000000e+00 0.000000000000000e+00 1.000000000000000e+00 
src volume info
valid = 1  # volume info valid
filename = nu.mgz
volume = 256 256 256
voxelsize = 1.000000000000000e+00 1.000000000000000e+00 1.000000000000000e+00
xras   = -9.999999403953552e-01 0.000000000000000e+00 0.000000000000000e+00
yras   = 0.000000000000000e+00 0.000000000000000e+00 -9.999999403953552e-01
zras   = 0.000000000000000e+00 9.999999403953552e-01 0.000000000000000e+00
cras   = -4.951019287109375e-01 -1.437200927734375e+01 -1.010169982910156e+01
dst volume info
valid = 1  # volume info valid
filename = /usr/local/freesurfer/average/RB_all_2016-05-10.vc700.gca
volume = 256 256 256
voxelsize = 1.000000000000000e+00 1.000000000000000e+00 1.000000000000000e+00
xras   = -1.000000000000000e+00 0.000000000000000e+00 0.000000000000000e+00
yras   = 0.000000000000000e+00 0.000000000000000e+00 -1.000000000000000e+00
zras   = 0.000000000000000e+00 1.000000000000000e+00 0.000000000000000e+00
cras   = 0.000000000000000e+00 0.000000000000000e+00 0.000000000000000e+00
